Budget: 5,000,000 -> 6,407,913 (PnL: +1,407,913, Return: 28.2%)
Trades: 2225, Win: 61.6%, Sharpe: 0.376

#       EA ID   Qty        Buy       Sell       Profit   Ret%    Buy Date   Sell Date
------------------------------------------------------------------------------------------
1      274750     1    728,361    937,652      162,408    22%  2026-03-25  2026-03-29
2      227006     1    668,611    840,736      130,088    19%  2026-03-27  2026-03-30
3      239580     1    246,583    395,562      129,200    52%  2026-02-16  2026-02-19
4      265898     1    897,819  1,070,785      119,426    13%  2026-03-29  2026-04-01
5      241096     1    417,660    559,326      113,699    27%  2026-02-14  2026-02-16
6      238435     1    780,840    913,569       87,050    11%  2026-03-26  2026-03-30
7      209331     1    732,632    862,647       86,882    12%  2026-01-28  2026-02-04
8      238621    36        671      3,118       82,479   341%  2026-04-03  2026-04-05
9      244206    48        518      2,333       81,520   328%  2026-02-06  2026-02-10
10     239053     1  1,073,896  1,213,799       79,213     7%  2026-03-30  2026-04-02
11     214101     1    209,979    304,069       78,886    38%  2026-03-20  2026-03-24
12     217007    19      1,208      5,638       78,813   343%  2026-04-03  2026-04-05
13     246420     1    757,431    871,257       70,263     9%  2026-03-28  2026-04-02
14     255981     1     71,514    148,042       69,125    97%  2026-03-25  2026-03-27
15     251852    40      1,163      3,010       67,860   146%  2026-01-28  2026-02-01
16     198657    50        428      1,818       64,955   304%  2026-04-02  2026-04-05
17     270966    32        700      2,843       64,027   286%  2026-04-03  2026-04-04
18     220534    52        469      1,733       61,222   251%  2026-04-03  2026-04-05
19     240130     1    248,451    322,826       58,233    23%  2026-01-29  2026-02-01
20     223334     1    163,710    232,340       57,013    35%  2026-03-29  2026-03-31
21     215316     1     64,955    125,146       53,933    83%  2026-03-24  2026-03-26
22     264865    76        350      1,110       53,542   201%  2026-02-13  2026-02-18
23     245054    21      1,135      3,760       51,177   215%  2026-04-03  2026-04-04
24     246420     1    197,056    261,194       51,078    26%  2026-03-18  2026-03-22
25     219862    13        528      4,603       49,983   728%  2026-03-31  2026-04-02
26     231627    32        503      2,151       49,294   306%  2026-04-01  2026-04-02
27     236772     1     96,375    148,229       44,442    46%  2026-03-18  2026-03-21
28     253952    55        397      1,231       42,484   195%  2026-04-02  2026-04-04
29      80170    57        850      1,676       42,305    87%  2026-01-28  2026-01-31
30     215914     1    213,073    268,236       41,751    20%  2026-02-19  2026-02-25
31     232905    44        506      1,493       40,143   180%  2026-02-06  2026-02-10
32     240453    18        442      2,500       34,794   437%  2026-01-31  2026-02-10
33     265333    30        442      1,628       33,138   250%  2026-02-07  2026-02-20
34     262946     1     33,114     69,274       32,696    99%  2026-03-24  2026-03-28
35     226975     1    187,224    228,778       30,115    16%  2026-03-24  2026-03-28
36     264989    40        817      1,624       29,032    89%  2026-01-28  2026-01-30
37     235997     7      2,090      6,508       28,648   196%  2026-04-01  2026-04-02
38     246219     1     52,639     85,319       28,414    54%  2026-03-20  2026-03-26
39     251852     1    122,368    157,396       27,158    22%  2026-03-22  2026-03-31
40     231866     1    204,479    243,590       26,931    13%  2026-03-24  2026-03-28
41     251530     1     39,167     69,442       26,802    68%  2026-03-22  2026-03-29
42       5661     1     28,116     57,064       26,094    93%  2026-02-17  2026-02-21
43     251615    28        660      1,675       26,075   141%  2026-02-09  2026-02-11
44     215502    14        492      2,450       25,697   373%  2026-03-31  2026-04-01
45     238896    15        429      2,243       25,527   397%  2026-01-31  2026-02-10
46     204838     1     51,707     81,038       25,279    49%  2026-03-20  2026-03-25
47     231007     1     48,993     77,736       24,856    51%  2026-03-30  2026-04-02
48     211300     3        650      9,281       24,500  1256%  2026-03-21  2026-03-22
49     243264    10        672      3,263       24,278   361%  2026-03-31  2026-04-01
50     255634    52        469        974       23,727    97%  2026-02-06  2026-02-10
51     269959    26        534      1,510       23,413   169%  2026-02-04  2026-02-18
52     250723     1    125,511    156,701       23,354    19%  2026-02-19  2026-02-23
53     237841     9      1,717      4,529       23,269   151%  2026-04-01  2026-04-05
54      50752     1     60,403     87,799       23,006    38%  2026-02-18  2026-02-23
55     269278     1     22,250     47,500       22,875   103%  2026-02-23  2026-02-24
56     239053     1    303,771    343,181       22,250     7%  2026-02-14  2026-02-28
57     265600     1    106,363    134,674       21,577    20%  2026-03-29  2026-04-03
58     244206    29        651      1,467       21,536   114%  2026-02-14  2026-02-24
59     188545     1    166,660    197,639       21,097    13%  2026-02-25  2026-03-01
60     267369    10        675      2,931       21,094   313%  2026-03-31  2026-04-01
61     245054    14      1,901      3,585       21,066    79%  2026-02-13  2026-02-16
62     230621     1    338,826    378,319       20,577     6%  2026-01-28  2026-02-01
63     233216     7      3,082      6,292       20,267    94%  2026-04-03  2026-04-04
64     222492     1     32,941     54,832       19,149    58%  2026-03-13  2026-03-18
65     271626     1     14,962     35,793       19,041   127%  2026-03-25  2026-03-29
66     269420    42        593      1,092       18,664    75%  2026-02-06  2026-02-10
67     275353    44        465        936       18,664    91%  2026-02-06  2026-02-10
68     212382     1     28,505     49,616       18,630    65%  2026-02-28  2026-03-02
69     266928     1     62,372     85,139       18,510    30%  2026-03-22  2026-03-27
70     223933    15        488      1,801       18,344   251%  2026-01-31  2026-02-10
71     225193     1    144,660    171,535       18,298    13%  2026-03-28  2026-04-01
72     204549    12        460      1,965       16,881   306%  2026-01-31  2026-02-10
73     227884    39        824      1,319       16,732    52%  2026-01-28  2026-02-10
74     241236     1     29,925     48,957       16,584    55%  2026-03-21  2026-03-30
75     260570    52        458        817       16,543    69%  2026-02-06  2026-02-10
76      16254     1     22,948     41,540       16,515    72%  2026-03-23  2026-03-27
77     238257     1     20,170     38,115       16,039    80%  2026-03-25  2026-03-27
78     273153     1     22,913     40,964       16,002    70%  2026-03-18  2026-03-21
79     264865    23        568      1,321       15,799   121%  2026-02-04  2026-02-12
80     246871    47        461        829       15,347    71%  2026-02-06  2026-02-10
81     259372     1     38,384     56,337       15,136    39%  2026-02-09  2026-02-15
82     220383     1     32,928     50,248       14,807    45%  2026-03-24  2026-03-26
83     239704     7      2,256      4,563       14,551    92%  2026-04-01  2026-04-04
84     173210     1    120,431    141,958       14,429    12%  2026-02-18  2026-02-24
85     252143    48        474        815       14,412    63%  2026-02-06  2026-02-10
86     277954     1    248,938    277,174       14,377     6%  2026-03-26  2026-03-31
87     227102     1     47,618     64,993       14,125    30%  2026-02-01  2026-02-06
88     238621     4        449      4,182       14,095   785%  2026-03-21  2026-03-24
89     198261     1     35,717     52,398       14,061    39%  2026-03-24  2026-03-26
90     177003     1    123,764    145,042       14,025    11%  2026-03-28  2026-03-31
91     234341    11      1,925      3,350       13,832    65%  2026-04-02  2026-04-05
92      73677    85        350        538       13,693    46%  2026-02-12  2026-02-22
93     231007     1     57,896     75,319       13,657    24%  2026-03-23  2026-03-27
94     228336    38        526        928       13,512    68%  2026-02-06  2026-02-10
95     193747     1     39,816     56,134       13,511    34%  2026-03-23  2026-03-27
96     171791     1     12,185     26,969       13,435   110%  2026-03-09  2026-03-11
97     241084     1     93,552    112,146       12,986    14%  2026-01-28  2026-01-31
98     275029     1     29,651     44,842       12,948    44%  2026-01-29  2026-01-30
99     251517     1     28,538     43,653       12,932    45%  2026-03-15  2026-03-22
100    248794     3      5,191     10,000       12,927    83%  2026-03-30  2026-04-01